-3.000000000000000000e+01
-2.969999999999999929e+01
-2.939999999999999858e+01
-2.909999999999999787e+01
-2.879999999999999716e+01
-2.849999999999999645e+01
-2.819999999999999574e+01
-2.789999999999999503e+01
-2.759999999999999432e+01
-2.729999999999999361e+01
-2.699999999999999289e+01
-2.669999999999999218e+01
-2.639999999999999147e+01
-2.609999999999999076e+01
-2.579999999999999005e+01
-2.549999999999998934e+01
-2.519999999999998863e+01
-2.489999999999998792e+01
-2.459999999999998721e+01
-2.429999999999998650e+01
-2.399999999999998579e+01
-2.369999999999998508e+01
-2.339999999999998437e+01
-2.309999999999998366e+01
-2.279999999999998295e+01
-2.249999999999998224e+01
-2.219999999999998153e+01
-2.189999999999998082e+01
-2.159999999999998010e+01
-2.129999999999997939e+01
-2.099999999999997868e+01
-2.069999999999997797e+01
-2.039999999999997726e+01
-2.009999999999997655e+01
-1.979999999999997584e+01
-1.949999999999997513e+01
-1.919999999999997442e+01
-1.889999999999997371e+01
-1.859999999999997300e+01
-1.829999999999997229e+01
-1.799999999999997158e+01
-1.769999999999997087e+01
-1.739999999999997016e+01
-1.709999999999996945e+01
-1.679999999999996874e+01
-1.649999999999996803e+01
-1.619999999999996732e+01
-1.589999999999996660e+01
-1.559999999999996589e+01
-1.529999999999996518e+01
-1.499999999999996447e+01
-1.469999999999996376e+01
-1.439999999999996305e+01
-1.409999999999996234e+01
-1.379999999999996163e+01
-1.349999999999996092e+01
-1.319999999999996021e+01
-1.289999999999995950e+01
-1.259999999999995879e+01
-1.229999999999995808e+01
-1.199999999999995737e+01
-1.169999999999995666e+01
-1.139999999999995595e+01
-1.109999999999995524e+01
-1.079999999999995453e+01
-1.049999999999995381e+01
-1.019999999999995310e+01
-9.899999999999952394e+00
-9.599999999999951683e+00
-9.299999999999950973e+00
-8.999999999999950262e+00
-8.699999999999949551e+00
-8.399999999999948841e+00
-8.099999999999948130e+00
-7.799999999999948308e+00
-7.499999999999948486e+00
-7.199999999999948663e+00
-6.899999999999948841e+00
-6.599999999999949019e+00
-6.299999999999949196e+00
-5.999999999999949374e+00
-5.699999999999949551e+00
-5.399999999999949729e+00
-5.099999999999949907e+00
-4.799999999999950084e+00
-4.499999999999950262e+00
-4.199999999999950440e+00
-3.899999999999950617e+00
-3.599999999999950795e+00
-3.299999999999950973e+00
-2.999999999999951150e+00
-2.699999999999951328e+00
-2.399999999999951505e+00
-2.099999999999951683e+00
-1.799999999999951639e+00
-1.499999999999951594e+00
-1.199999999999951550e+00
-8.999999999999515055e-01
-5.999999999999514610e-01
-2.999999999999514722e-01
4.851674617611934082e-14
3.000000000000485056e-01
6.000000000000484945e-01
9.000000000000485390e-01
1.200000000000048583e+00
1.500000000000048628e+00
1.800000000000048672e+00
2.100000000000048495e+00
2.400000000000048317e+00
2.700000000000048139e+00
3.000000000000047962e+00
3.300000000000047784e+00
3.600000000000047606e+00
3.900000000000047429e+00
4.200000000000047251e+00
4.500000000000047073e+00
4.800000000000046896e+00
5.100000000000046718e+00
5.400000000000046541e+00
5.700000000000046363e+00
6.000000000000046185e+00
6.300000000000046008e+00
6.600000000000045830e+00
6.900000000000045652e+00
7.200000000000045475e+00
7.500000000000045297e+00
7.800000000000045119e+00
8.100000000000045830e+00
8.400000000000046541e+00
8.700000000000047251e+00
9.000000000000047962e+00
9.300000000000048672e+00
9.600000000000049383e+00
9.900000000000050093e+00
1.020000000000005080e+01
1.050000000000005151e+01
1.080000000000005222e+01
1.110000000000005294e+01
1.140000000000005365e+01
1.170000000000005436e+01
1.200000000000005507e+01
1.230000000000005578e+01
1.260000000000005649e+01
1.290000000000005720e+01
1.320000000000005791e+01
1.350000000000005862e+01
1.380000000000005933e+01
1.410000000000006004e+01
1.440000000000006075e+01
1.470000000000006146e+01
1.500000000000006217e+01
1.530000000000006288e+01
1.560000000000006359e+01
1.590000000000006430e+01
1.620000000000006324e+01
1.650000000000006395e+01
1.680000000000006466e+01
1.710000000000006537e+01
1.740000000000006608e+01
1.770000000000006679e+01
1.800000000000006750e+01
1.830000000000006821e+01
1.860000000000006892e+01
1.890000000000006963e+01
1.920000000000007034e+01
1.950000000000007105e+01
1.980000000000007176e+01
2.010000000000007248e+01
2.040000000000007319e+01
2.070000000000007390e+01
2.100000000000007461e+01
2.130000000000007532e+01
2.160000000000007603e+01
2.190000000000007674e+01
2.220000000000007745e+01
2.250000000000007816e+01
2.280000000000007887e+01
2.310000000000007958e+01
2.340000000000008029e+01
2.370000000000008100e+01
2.400000000000008171e+01
2.430000000000008242e+01
2.460000000000008313e+01
2.490000000000008384e+01
2.520000000000008455e+01
2.550000000000008527e+01
2.580000000000008598e+01
2.610000000000008669e+01
2.640000000000008740e+01
2.670000000000008811e+01
2.700000000000008882e+01
2.730000000000008953e+01
2.760000000000009024e+01
2.790000000000009095e+01
2.820000000000009166e+01
2.850000000000009237e+01
2.880000000000009308e+01
2.910000000000009379e+01
2.940000000000009450e+01
2.970000000000009521e+01
3.000000000000009592e+01
3.030000000000009663e+01
3.060000000000009734e+01
3.090000000000009805e+01
3.120000000000009877e+01
3.150000000000009948e+01
3.180000000000010019e+01
3.210000000000010090e+01
3.240000000000009805e+01
3.270000000000009521e+01
3.300000000000009237e+01
3.330000000000008953e+01
3.360000000000008669e+01
3.390000000000008384e+01
3.420000000000008100e+01
3.450000000000007816e+01
3.480000000000007532e+01
3.510000000000007248e+01
3.540000000000006963e+01
3.570000000000006679e+01
3.600000000000006395e+01
3.630000000000006111e+01
3.660000000000005826e+01
3.690000000000005542e+01
3.720000000000005258e+01
3.750000000000004974e+01
3.780000000000004690e+01
3.810000000000004405e+01
3.840000000000004121e+01
3.870000000000003837e+01
3.900000000000003553e+01
3.930000000000003268e+01
3.960000000000002984e+01
3.990000000000002700e+01
4.020000000000002416e+01
4.050000000000002132e+01
4.080000000000001847e+01
4.110000000000001563e+01
4.140000000000001279e+01
4.170000000000000995e+01
4.200000000000000711e+01
4.230000000000000426e+01
4.260000000000000142e+01
4.289999999999999858e+01
4.319999999999999574e+01
4.349999999999999289e+01
4.379999999999999005e+01
4.409999999999998721e+01
4.439999999999998437e+01
4.469999999999998153e+01
4.499999999999997868e+01
4.529999999999997584e+01
4.559999999999997300e+01
4.589999999999997016e+01
4.619999999999996732e+01
4.649999999999996447e+01
4.679999999999996163e+01
4.709999999999995879e+01
4.739999999999995595e+01
4.769999999999995310e+01
4.799999999999995026e+01
4.829999999999994742e+01
4.859999999999994458e+01
4.889999999999994174e+01
4.919999999999993889e+01
4.949999999999993605e+01
4.979999999999993321e+01
5.009999999999993037e+01
5.039999999999992752e+01
5.069999999999992468e+01
5.099999999999992184e+01
5.129999999999991900e+01
5.159999999999991616e+01
5.189999999999991331e+01
5.219999999999991047e+01
5.249999999999990763e+01
5.279999999999990479e+01
5.309999999999990195e+01
5.339999999999989910e+01
5.369999999999989626e+01
5.399999999999989342e+01
5.429999999999989058e+01
5.459999999999988773e+01
5.489999999999988489e+01
5.519999999999988205e+01
5.549999999999987921e+01
5.579999999999987637e+01
5.609999999999987352e+01
5.639999999999987068e+01
5.669999999999986784e+01
5.699999999999986500e+01
5.729999999999986215e+01
5.759999999999985931e+01
5.789999999999985647e+01
5.819999999999999574e+01
